1155
28654
28653
28652
28651
28650
28649
28648
28647
28646
28645
28644
28643
28642
28641
28640
28639
28638
28637
28636
28635
28634
28633
28632
28631
28630
28629
28628
28627
28626
28625
28624
28623
28622
28621
28620
28619
28618
28617
28616
28615
28613
28612
28611
28610
28609
28607
28606
28604
28603
28602
28601
28599
28594
28593
28592
28591
28589
28588
28587
28586
28585
28584
28583
28582
28579
28577
28576
28575
28573
28572
28571
28570
28568
28567
28565
28563
28562
28560
28559
28558
28557
28556
28555
28553
28550
28549
28544
28543
28542
28541
28540
28538
28537
28536
28535
28534
28533
28530
28522
28514
28513
28511
28507
28503
28501
28498
28497
28491
28488
28487
28484
28482
28478
28474
28466
28460
28459
28457
28455
28453
28452
28449
28446
28442
28440
28438
28437
28436
28432
28427
28418
28417
28416
28401
28399
28395
28393
28391
28385
28382
28380
28379
28374
28370
28364
28362
28357
28354
28340
28339
28338
28336
28334
28333
28330
28324
28323
28321
28320
28319
28317
28310
28307
28305
28302
28300
28289
28286
28282
28281
28280
28279
28277
28260
28258
28256
28255
28253
28252
28251
28250
28249
28245
28243
28240
28237
28235
28233
28232
28225
28223
28221
28217
28216
28207
28194
28191
28188
28185
28184
28183
28172
28168
28152
28149
28146
28145
28144
28142
28141
28138
28137
28136
28135
28134
28109
28108
28107
28106
28102
28101
28100
28095
28094
28089
28083
28081
28064
28057
28053
28052
28050
28048
28039
28038
28037
28033
28032
28031
28029
28028
28022
28021
28019
28018
28017
28015
28012
28007
28006
28004
27997
27996
27995
27989
27987
27981
27978
27977
27971
27964
27870
27867
27863
27860
27856
27854
27853
27846
27839
27838
27836
27830
27815
27811
27810
27809
27808
27807
27804
27803
27796
27794
27792
27791
27787
27786
27782
27781
27780
27770
27769
27767
27766
27764
27760
27759
27758
27753
27752
27750
27749
27745
27743
27740
27739
27736
27729
27727
27723
27721
27714
27712
27711
27710
27709
27708
27707
27706
27704
27698
27693
27692
27690
27689
27687
27685
27682
27681
27680
27678
27677
27676
27675
27667
27664
27663
27662
27661
27660
27602
27568
27464
27359
27191
27190
27187
27184
27183
27180
27179
27177
27176
27175
27173
27172
27171
27170
27166
27164
27162
27161
27153
27147
27144
27138
27134
27133
27130
27123
27122
27121
27115
27112
27110
27107
27104
27100
27098
27096
27095
27090
27073
27072
27070
27068
27067
27064
27063
27062
27060
27058
27055
27054
27051
27050
27040
27033
27032
27031
27030
27029
27020
27016
27017
27018
27019
27015
27011
27012
27013
27014
27007
27008
27009
27010
27001
27002
27003
27004
27005
27006
26997
26998
26999
27000
26991
26992
26993
26994
26995
26996
26985
26986
26987
26988
26989
26990
26983
26984
26980
26981
26982
26973
26974
26975
26976
26977
26978
26979
26969
26970
26971
26972
26963
26964
26965
26966
26967
26968
26958
26959
26960
26961
26962
26953
26954
26955
26956
26957
26947
26948
26949
26950
26951
26952
26942
26943
26944
26945
26946
26938
26939
26940
26941
26937
26932
26933
26934
26935
26936
26931
26927
26928
26929
26930
26921
26922
26923
26924
26925
26926
26918
26919
26920
26917
26909
26910
26911
26912
26913
26914
26915
26916
26907
26908
26897
26898
26899
26900
26901
26902
26903
26904
26905
26906
26890
26891
26892
26893
26894
26895
26896
26883
26884
26885
26886
26887
26888
26889
26878
26879
26880
26881
26882
26873
26874
26875
26876
26877
26867
26868
26869
26870
26871
26872
26862
26863
26864
26865
26866
26860
26861
26857
26858
26859
26855
26856
26852
26853
26854
26850
26851
26845
26846
26847
26848
26849
26841
26842
26843
26844
26840
26835
26836
26837
26838
26839
26830
26831
26832
26833
26834
26825
26826
26827
26828
26829
26819
26820
26821
26822
26823
26824
26815
26816
26817
26818
26807
26808
26809
26810
26811
26812
26813
26814
26806
26797
26798
26799
26800
26801
26802
26803
26804
26805
26785
26782
26775
26773
26770
26766
26763
26757
26755
26753
26736
26735
26734
26725
26724
26720
26717
26715
26714
26713
26708
26698
26697
26695
26693
26691
26688
26684
26674
26673
26669
26668
26657
26655
26651
26644
26643
26624
26623
26622
26619
26617
26613
26608
26605
26604
26598
26592
26589
26588
26585
26575
26574
26570
26565
26564
26550
26547
26544
26542
26541
26539
26538
26536
26535
26534
26533
26532
26531
26530
26529
26527
26524
26523
26522
26519
26518
26516
26515
26514
26512
26498
26496
26494
26492
26487
26473
26471
26470
26465
26454
26453
26445
26438
26434
26431
26427
26423
26419
26418
26416
26404
26403
26402
26401
26400
26399
26394
26381
26380
26378
26376
26373
26369
26364
26361
26360
26357
26349
26332
26330
26323
26320
26313
26312
26309
26304
26297
26288
26287
26277
26272
26262
26257
26255
26253
26252
26249
26247
26245
26243
26241
26239
26238
26237
26235
26233
26230
26102
26101
26099
26097
26095
26093
26091
26090
26089
26087
26082
26071
26073
26074
26075
26077
26064
26067
26068
26069
26058
26061
26062
26063
26053
26055
26056
26057
26050
26044
26045
26046
26047
26048
26049
26041
26043
26040
26042
26037
26038
26034
26035
26036
26028
26029
26030
26031
26032
26033
26024
26025
26027
26018
26019
26021
26022
26013
26014
26016
26017
26010
26012
26003
26004
26005
26006
26007
26008
26001
26002
25995
25996
25997
25998
26000
25990
25991
25992
25993
25994
25987
25988
25989
25979
25981
25982
25983
25984
25985
25986
25978
25975
25973
25971
25969
25967
25965
25963
25961
25960
25953
25954
25955
25956
25957
25958
25959
25948
25950
25951
25952
25944
25945
25946
25947
25940
25941
25942
25943
25935
25936
25937
25938
25928
25929
25930
25931
25932
25933
25934
25918
25919
25920
25921
25923
25924
25925
25926
25912
25913
25914
25915
25916
25908
25909
25910
25911
25903
25904
25905
25906
25907
25899
25900
25901
25902
25895
25896
25897
25898
25889
25890
25891
25892
25893
25894
25885
25886
25887
25888
25880
25881
25882
25883
25876
25877
25878
25879
25870
25872
25873
25867
25868
25869
25861
25862
25863
25864
25865
25866
25859
25860
25858
25854
25855
25856
25857
25852
25853
25849
25850
25851
25843
25844
25845
25846
25847
25848
25839
25840
25841
25842
25837
25838
25834
25835
25836
25827
25828
25829
25830
25831
25832
25833
25817
25818
25819
25820
25821
25822
25823
25824
25825
25826
25815
25813
25810
25808
25806
25804
25802
25800
25798
25796
25794
25790
25788
25785
25783
25781
25770
25771
25772
25773
25774
25775
26217
26221
26222
26223
26224
26226
25768
25769
26219
26220
25764
25767
26213
26218
25761
25762
25763
25765
26210
26212
26215
26216
25759
25760
26206
26211
25750
25751
25752
25754
25755
25756
26202
26203
26204
26205
26207
26208
26209
25748
25749
26200
26201
25738
25739
25740
25743
26189
26191
26192
26196
25734
25735
25737
26184
26187
25727
25728
25729
25732
25733
26178
26179
26181
26183
26188
25724
25721
25722
26172
25715
25717
26169
25710
25711
25712
25713
25714
26163
26164
26165
26166
26167
25706
25707
25708
25709
26160
26161
26162
25705
26159
25700
25701
25702
25703
25704
26153
26154
26155
26156
26157
25696
25697
25698
25699
26149
26150
26151
26152
25689
25690
25691
25692
25693
25694
25695
26141
26143
26144
26145
26146
26147
26148
25686
25687
25688
26139
26140
26142
25679
25680
25681
25682
25683
25684
25685
26130
26133
26134
26135
26136
26137
26138
25676
25677
25678
26127
26131
26132
25670
25671
25672
25673
25674
25675
26123
26124
26125
26126
26128
26129
25666
25667
25668
25669
26119
26120
26121
26122
25662
25663
25664
25665
26115
26116
26117
26118
25659
25660
25661
26112
26113
26114
25657
25658
26110
25653
25654
25655
26105
26109
26111
25648
25649
25650
25651
25652
26103
26104
26106
26107
25274
25272
25270
25267
25265
25263
25261
25259
25257
25255
25254
25253
25250
25249
25247
25245
25243
25241
25239
25238
25236
25235
25233
25232
25231
25229
25228
25225
25224
25222
25220
25219
25217
25215
25213
25211
25209
25208
25207
25206
25205
25203
25201
25200
25198
25196
25194
25192
25190
25189
25186
25184
25183
25181
25179
25177
25175
25174
25172
25170
25168
25167
25164
25160
25157
25155
25153
25151
25149
25147
25146
25144
25142
25140
25138
25134
25133
25131
25127
25125
25123
25121
25120
25119
25117
25115
25113
25112
25109
25105
25103
25100
25101
25099
25097
25095
25093
25091
25089
25087
25085
25083
25082
25080
25078
25076
25073
25072
25071
25069
25067
25065
25064
25063
25062
25060
25058
25054
25052
25050
25048
25046
25044
25042
25039
25037
25036
25034
25033
25031
25029
25027
25026
25024
25022
25020
25019
25017
25016
25015
25013
25011
25009
25007
25005
25003
25002
25000
24998
24995
24996
24997
24988
24989
24990
24992
24993
24994
24985
24987
24981
24983
24984
24978
24979
24971
24972
24973
24974
24975
24968
24969
24970
24966
24961
24962
24963
24964
24956
24957
24958
24959
24960
24950
24951
24952
24953
24954
24955
24947
24948
24949
24938
24939
24940
24941
24942
24943
24944
24945
24946
24937
24936
24934
24931
24927
24928
24929
24930
24924
24925
24926
24923
24918
24919
24920
24921
24922
24917
24913
24914
24915
24916
24907
24908
24909
24910
24911
24912
24903
24904
24905
24906
24900
24901
24902
24897
24898
24899
24893
24894
24895
24896
24887
24888
24889
24890
24891
24892
24881
24882
24883
24884
24885
24886
24877
24878
24879
24880
24873
24874
24875
24876
24867
24868
24869
24870
24871
24872
24864
24865
24866
24863
24860
24861
24862
24857
24858
24859
24854
24855
24856
24848
24849
24850
24851
24852
24853
24844
24845
24846
24847
24838
24839
24840
24841
24842
24843
24833
24834
24835
24836
24837
24827
24828
24829
24830
24831
24832
24823
24824
24826
24817
24818
24819
24820
24821
24822
24812
24813
24814
24815
24816
24807
24808
24809
24810
24811
24801
24802
24803
24804
24805
24806
24797
24798
24799
24800
24789
24790
24791
24792
24793
24794
24795
24796
24787
24788
24777
24778
24779
24780
24781
24782
24783
24784
24785
24786
24770
24771
24772
24773
24774
24775
24776
24763
24764
24765
24766
24767
24768
24769
24757
24758
24759
24760
24761
24762
24753
24754
24755
24756
24750
24751
24752
24747
24748
24749
24746
24742
24743
24744
24745
24741
24737
24738
24739
24740
24735
24736
24731
24732
24733
24734
24726
24727
24728
24729
24730
24721
24722
24723
24724
24725
24720
24716
24717
24718
24719
24709
24710
24711
24712
24713
24715
24706
24707
24708
24699
24700
24702
24703
24704
24705
24695
24696
24697
24698
24687
24688
24689
24690
24691
24692
24693
24694
24686
24679
24680
24681
24682
24683
24684
24685
24677
24678
24676
24674
24672
24671
24667
24665
24664
24662
24659
24658
24646
24644
24641
24640
24639
24637
24635
24634
24632
24630
24628
24626
24624
24622
24621
24618
24616
24614
24613
24610
24608
24605
24603
24601
24599
24597
24596
24592
24588
24587
24584
24582
24581
24579
24576
24574
24573
24571
24570
24567
24566
24565
24562
24559
24558
24555
24553
24551
24549
24548
24547
24545
24543
24540
24539
24538
24537
24534
24533
24531
24528
24527
24526
24523
24521
24520
24519
24518
24516
24514
24513
24509
24507
24506
24504
24498
24496
24495
24492
24490
24488
24486
24484
24482
24481
24479
24477
24475
24474
24472
24469
24468
24466
24464
24462
24460
24458
24456
24454
24452
24450
24448
24446
24445
24444
24442
24439
24437
24434
24432
24431
24430
24428
24426
24425
24424
24423
24420
24419
24418
24417
24415
24414
24413
24409
24408
24406
24404
24403
24400
24398
24397
24394
24393
24391
24390
24388
24386
24384
24382
24380
24378
24376
24375
24373
24372
24367
24365
24363
24361
24359
24358
24355
24353
24352
24349
24347
24345
24343
24342
24340
24337
24336
24333
24332
24331
24330
24328
24326
24324
24323
24322
24320
24318
24316
24314
24312
24311
24310
24308
24306
24304
24302
24300
24298
24296
24294
24292
24291
24290
24288
24286
24284
24283
24282
24281
24279
24278
24277
24276
24272
24270
24268
24266
24264
24262
24260
24258
24256
24254
24252
24251
24248
24247
24244
24242
24240
24238
24236
24234
24233
24230
24228
24227
24225
24224
24223
24222
24220
24217
24215
24213
24211
24210
24209
24206
24204
24202
24201
24200
24198
24197
24195
24193
24191
24189
24188
24186
24184
24182
24180
24179
24178
24176
24174
24172
24170
24169
24166
24164
24162
24160
24159
24156
24154
24152
24151
24148
24146
24144
24142
24141
24138
24136
24134
24132
24130
24128
24124
24122
24120
24118
24117
24116
24113
24112
24111
24108
24105
24102
24101
24097
24096
24095
24093
24091
24062
24061
24059
24053
24046
24044
24043
24040
24029
24027
24022
24016
24010
24009
23993
23991
23990
23989
23988
23981
23979
23978
23976
23975
23965
23960
23954
23949
23947
23944
23943
23942
23941
23939
23937
23919
23906
23904
23899
23895
23894
23891
23890
23883
23877
23873
23872
23841
23840
23836
23835
23833
23822
23819
23818
23806
23798
23787
23781
23777
23775
23764
23762
23759
23758
23735
23732
23723
23719
23717
23707
23699
23698
23687
23579
23580
23583
23577
23568
23571
23558
23559
23560
23563
23564
23565
23556
23557
23551
23552
23548
23549
23550
23547
23543
23546
23539
23541
23531
23534
23535
23537
23528
23520
23521
23522
23524
23525
23526
23527
23518
23519
23508
23509
23510
23512
23513
23514
23517
23498
23499
23500
23501
23503
23504
23505
23506
23507
23496
23495
23494
23459
23461
23452
23455
23450
23451
23445
23446
23447
23448
23442
23443
23432
23433
23434
23435
23437
23438
23439
23440
23425
23426
23427
23428
23429
23431
23419
23420
23421
23422
23423
23424
23415
23416
23417
23418
23408
23409
23411
23412
23413
23398
23400
23401
23402
23403
23392
23393
23387
23388
23389
23390
23391
23382
23383
23385
23386
23376
23377
23379
23380
23381
23375
23354
23355
23356
23357
23358
23352
23353
23343
23344
23345
23346
23347
23348
23349
23350
23351
23342
23337
23338
23340
23341
23332
23319
23320
23321
23322
23323
23324
23313
23314
23315
23316
23317
23318
23308
23309
23310
23311
23312
23301
23302
23303
23304
23306
23307
23299
23300
23290
23291
23292
23293
23294
23295
23296
23297
23298
23289
23281
23282
23283
23284
23285
23286
23287
23288
23275
23276
23277
23278
23279
23280
23271
23272
23273
23274
23267
23269
23270
23259
23260
23263
23264
23265
23266
23256
23257
23258
23250
23251
23252
23253
23254
23255
23249
23247
23248
23244
23245
23246
23243
23238
23239
23240
23241
23242
23233
23234
23235
23236
23237
23229
23230
23231
23232
23222
23223
23224
23225
23226
23228
23219
23220
23221
23211
23212
23213
23214
23215
23217
23218
23208
23209
23210
23201
23202
23203
23204
23205
23206
23207
23196
23198
23199
23200
23191
23192
23193
23194
23184
23185
23187
23188
23190
23181
23182
23183
23171
23172
23173
23174
23175
23176
23177
23178
23179
23180
23166
23167
23168
23169
23170
23163
23164
23162
23159
23160
23153
23154
23155
23156
23157
23158
23150
23151
23152
23142
23143
23144
23145
23146
23147
23137
23138
23139
23140
23141
23131
23132
23133
23134
23135
23136
23128
23129
23121
23122
23123
23124
23125
23126
23115
23116
23117
23119
23120
23111
23113
23114
23103
23105
23102
23100
23081
23082
23083
23084
23085
23086
23087
23088
23089
23090
23071
23072
23073
23074
23078
23079
22301
22287
22284
22280
22275
22273
22256
22254
22252
22249
22247
22241
22239
22212
22211
22210
22207
22206
22204
22199
22196
22193
22188
22185
22184
22183
22182